  -4.442
   -2.59
  -2.116
 -0.7481
  0.6293
   1.531
   3.617
    4.55
   3.515
   4.133
   5.236
   4.776
   5.625
   4.431
   3.451
   3.156
   3.475
   2.182
   1.947
 -0.6499
  -1.681
  -0.742
  -2.714
  -2.949
  -3.796
  -2.497
  -4.442
  -4.326
   -4.04
   -2.05
  -2.274
  -1.198
 -0.6271
-0.04356
  0.2636
  0.3237
-0.02105
  0.2938
    1.33
   1.619
   1.873
    2.03
   1.715
   1.496
  0.8006
   1.523
 -0.3608
 -0.2994
 -0.8463
 0.08763
  -1.214
 -0.3192
  -1.128
 -0.7419
 -0.6124
  -1.512
  -1.043
  0.6279
   0.136
   1.064
   1.811
  0.8981
   1.972
   2.375
   1.837
   0.929
   1.109
   1.245
   2.182
  0.9304
  0.9007
  0.1909
 -0.3162
  -2.179
  -2.339
  -2.317
  -3.838
  -3.317
  -3.523
   -3.29
  -3.355
  -2.671
  -2.078
  -1.943
 -0.6891
   -1.29
 -0.6752
  0.2506
   1.723
   3.404
   4.004
   4.774
   5.341
    6.02
   5.026
   4.387
   4.062
   3.564
       4
   1.897
   1.877
  0.1542
  -1.333
  -1.986
  -1.947
  -4.822
  -4.545
  -4.866
  -6.388
  -5.821
  -6.778
  -6.536
  -5.322
  -4.951
  -3.887
  -3.777
  -2.496
  -1.356
 -0.2145
   1.992
   4.507
   4.987
   5.048
   7.326
   8.349
   6.999
   8.285
   7.297
   6.585
   6.622
   4.487
   3.759
   2.105
   1.574
 -0.9916
  -2.638
  -3.404
   -5.88
  -6.831
  -7.331
  -8.939
  -8.652
  -9.158
  -8.749
  -7.555
  -6.402
  -5.127
  -4.076
  -2.584
  -1.022
  0.5872
   2.134
   3.788
    6.35
    7.64
   7.595
   7.879
   8.065
   9.798
   8.497
   7.775
   6.189
    5.12
   3.702
   2.606
  0.1891
 -0.2672
  -3.341
  -3.388
  -6.254
  -7.613
  -7.764
  -9.095
  -9.244
  -9.179
  -9.259
  -7.017
   -7.01
  -5.123
  -4.677
  -1.735
  -1.164
   1.445
   2.635
   3.077
   4.886
   6.803
    6.68
   8.567
   8.232
   7.623
   8.042
   6.651
   5.479
   5.254
   4.369
   1.701
   1.166
 -0.6679
  -2.453
  -3.372
  -3.822
  -6.474
  -6.071
  -6.978
  -7.615
  -7.574
  -6.869
  -4.922
  -5.211
  -4.308
  -3.545
  -2.543
-0.006445
   1.445
   1.741
   3.251
   3.046
   4.326
   5.873
   5.537
   4.717
   6.018
   4.308
   4.323
   3.253
   2.711
    1.43
  0.6346
 -0.2859
 -0.3587
   -2.12
  -2.141
   -2.84
  -2.318
  -3.622
  -4.028
  -3.367
  -3.478
  -3.123
  -1.825
  -1.715
 -0.7428
   -1.37
 -0.4587
  0.4077
   1.685
   1.548
  0.9927
   1.616
   1.011
   1.975
   1.978
   1.073
   0.306
-0.02882
  0.3315
 -0.2901
 -0.6721
  -1.046
  0.1178
 0.04863
  -1.232
  -1.368
  -1.567
  -1.158
 -0.5209
 -0.1222
-0.002993
 -0.2755
  0.8066
    2.12
   1.095
   2.394
   1.816
   1.601
   1.004
   2.098
  0.3886
   1.357
 -0.5254
0.008139
  -1.068
  -2.372
  -1.713
   -2.12
  -3.362
  -4.129
  -4.109
  -3.128
  -3.356
  -2.968
  -3.061
  -2.968
  -1.916
  0.2016
  0.4829
   2.025
   1.428
   2.427
   2.689
   4.517
   4.622
   4.624
    4.32
   5.334
   5.444
   5.101
   2.748
   1.914
   2.621
   1.494
  0.1958
  -2.328
   -2.28
  -3.587
  -4.519
  -6.213
  -6.299
  -6.625
  -7.465
  -6.249
  -5.409
   -4.77
  -4.834
  -3.235
  -2.978
 -0.9788
  0.6097
   2.385
   3.263
    5.29
   5.951
   6.214
   7.164
   7.841
   7.646
   8.665
   7.913
   5.351
   4.856
   2.912
   2.958
   1.043
 -0.4448
   -2.88
  -3.758
  -4.951
  -6.603
  -7.531
   -7.81
  -8.372
  -9.585
  -8.239
  -7.076
  -7.071
   -6.36
  -3.519
  -3.467
  -1.158
   1.164
   1.799
   3.643
   6.309
   7.168
   8.298
   8.423
   9.169
   9.779
   8.992
   8.245
   7.146
   6.583
   3.495
    3.36
    1.56
   -1.09
  -2.593
  -4.975
  -5.771
  -7.554
  -8.524
  -8.289
  -9.055
  -8.311
  -7.351
    -8.4
  -7.371
  -5.028
  -4.213
  -1.519
 0.06897
   1.768
   2.286
   3.296
   5.333
   7.048
    7.77
   7.705
   8.058
    8.17
    8.03
   7.685
   6.474
     4.6
   3.242
   1.629
  0.7517
  0.2181
  -2.501
  -2.703
  -4.417
  -4.611
  -6.927
  -7.248
   -6.75
  -5.949
  -7.179
  -5.113
  -4.504
  -4.547
  -1.932
  -2.256
 -0.7885
   0.337
   1.252
   3.447
   4.682
   5.009
   4.377
   5.893
   5.519
   4.589
   5.354
   4.906
    3.46
   2.359
   1.798
  0.7777
 -0.1373
-0.04722
  -1.549
  -2.546
  -2.137
  -3.782
  -4.108
  -3.385
   -3.22
  -4.026
   -2.43
  -3.315
   -2.42
  -1.295
 -0.3985
 0.04203
  0.6606
   0.671
  0.5215
   1.247
   2.593
   1.329
     1.4
   1.722
   1.744
   2.211
  0.4016
   1.348
 -0.2184
  -1.028
 -0.5088
-0.04807
  -1.832
  -1.952
  -1.463
 -0.2334
 -0.5255
 -0.8366
  -1.067
  0.7801
   0.688
   1.021
   1.229
   2.329
   2.604
   1.493
   1.026
   1.585
   1.378
   1.485
   1.071
 -0.4795
 -0.5674
  0.1775
  -1.298
  -1.685
  -1.522
  -2.913
  -3.067
  -2.759
   -3.67
  -3.901
    -3.1
  -3.304
  -1.534
   -2.49
 -0.9001
  0.1477
  0.1044
   2.913
   2.702
   2.961
   3.613
   5.521
   5.365
   4.332
   5.331
   4.165
   4.406
   3.879
   2.809
    1.52
  0.2681
  -1.433
  -1.904
  -3.351
  -3.615
  -5.607
  -5.042
  -6.838
  -6.416
  -6.794
  -6.562
  -6.515
  -4.548
  -4.059
  -4.011
   -2.59
 -0.4915
   1.546
   2.659
   3.866
   4.821
   5.175
   7.391
   7.665
    7.87
   7.591
   8.401
   7.937
    5.82
   5.914
    3.34
   1.537
    1.05
 -0.9099
  -3.291
  -4.564
  -5.487
  -6.797
  -6.797
  -8.078
   -8.14
  -9.644
  -8.312
  -8.056
  -7.055
  -5.464
  -3.601
  -2.826
  -1.462
    0.86
   1.628
   4.815
   6.378
   6.795
   7.182
   7.776
   8.959
   9.907
   8.776
   8.555
   7.528
   6.677
   4.746
   1.964
  0.3084
  -1.565
  -1.628
  -4.007
  -5.225
  -6.274
  -8.143
  -7.657
  -9.265
  -9.389
  -9.248
  -7.197
   -7.41
  -6.271
  -4.024
  -3.153
 -0.9124
  0.7912
   2.124
   3.964
   4.597
   7.326
   7.973
   8.694
   8.773
   7.458
   8.283
   6.675
   6.912
   5.135
   3.127
   3.126
    1.11
 -0.2284
   -2.56
  -4.062
  -4.183
  -6.437
  -6.283
  -7.589
  -6.303
  -7.317
  -5.597
  -5.353
  -4.902
   -4.76
  -3.602
  -1.475
 -0.6287
  0.5245
   2.219
   2.981
   3.682
   4.906
   4.489
   5.939
   5.075
   5.757
    5.29
   4.391
   3.394
   3.147
   1.971
   1.926
  0.0676
 -0.7271
  -1.053
  -1.414
  -2.446
    -3.1
  -3.833
  -3.321
  -4.271
  -2.296
  -3.172
   -2.73
  -1.988
  -1.305
  0.1005
  -1.167
   1.085
 0.07502
    1.58
  0.5618
   1.281
    2.28
   1.563
   1.645
   1.246
  0.8772
    1.08
   1.532
  0.3254
 -0.2465
 -0.6371
  -1.469
 -0.1095
  -1.385
 -0.4964
-0.08489
 -0.8924
 -0.2806
 -0.1422
   1.035
  0.8176
   1.257
     1.9
   2.451
   1.058
   1.039
   1.496
   1.027
   2.036
  0.5949
  0.4327
  0.9534
  0.1222
-0.03996
   -2.37
  -1.918
  -3.105
    -2.6
  -4.156
  -4.462
  -3.507
   -2.57
  -2.753
  -2.142
  -2.804
 -0.7352
  -1.623
  0.4973
   1.817
   1.425
   1.961
    2.72
   4.724
   5.231
   4.423
   5.978
   5.965
   4.657
    5.08
   3.845
   2.142
   2.701
   1.693
  -1.373
  -2.108
  -2.726
  -4.533
    -4.9
   -6.66
  -5.582
  -5.761
  -6.241
  -7.377
   -5.45
  -6.049
  -4.197
  -3.646
  -2.862
 -0.4349
   1.271
   2.932
   2.923
   5.858
   5.085
    6.89
   6.711
    8.45
   7.098
   8.267
   7.981
   7.132
   4.609
   4.531
   3.134
  0.0696
 -0.8302
  -2.488
  -4.122
  -4.956
  -7.272
  -6.776
  -7.336
  -8.063
  -7.727
  -9.047
  -8.415
  -5.839
  -5.241
  -5.027
  -2.738
  -1.503
  0.4501
   1.995
    3.24
   4.727
   6.643
   8.582
   8.661
   8.851
   9.085
   7.744
   8.524
   7.002
   4.977
   3.289
   2.356
   1.435
  -1.717
  -2.505
   -3.81
  -4.778
  -7.115
  -8.468
  -7.489
  -8.749
  -8.672
  -8.071
  -7.676
   -6.56
  -6.165
  -3.999
  -2.995
  -1.653
-0.06718
   3.208
   4.408
   5.387
    6.29
   7.024
   7.919
   8.229
   8.164
   7.736
   7.504
   6.414
   4.798
   4.162
    1.97
  0.5786
  -1.099
  -3.016
  -4.419
  -3.864
  -5.273
   -5.41
  -7.165
  -6.567
  -5.757
  -6.893
  -6.539
  -5.005
   -4.17
  -2.066
 -0.9795
 -0.9645
   1.123
   1.534
   3.107
   2.742
   5.202
   4.904
   4.798
   5.347
   5.164
   5.781
   4.139
   4.093
   3.649
   2.409
  0.4273
  0.0145
  -1.006
  -2.126
  -2.554
  -3.172
  -4.175
  -2.654
   -3.29
  -3.625
  -4.039
  -3.868
  -1.514
  -2.749
  -1.263
  0.1593
  0.0765
  0.1924
   1.366
  0.6954
   1.298
   1.368
   1.455
   2.498
   1.304
  0.6952
  0.9248
   1.018
  0.4131
  0.6064
 -0.5651
 -0.3483
 -0.2341
 -0.4839
  -1.721
 -0.1698
 -0.5215
  -1.131
  0.3474
  -0.603
  0.2883
  0.6839
  0.5977
  0.8304
   1.233
   2.066
   1.779
   2.501
   1.223
   0.697
   1.714
   1.194
  0.8502
 -0.6452
 -0.2633
  -2.322
  -1.557
  -2.007
  -2.839
  -2.346
  -3.964
  -4.105
  -3.016
  -2.307
   -2.66
  -2.317
  -1.121
  -1.121
  0.4165
  0.2788
   1.637
   3.759
   4.432
   3.469
   4.523
   4.464
   4.329
   5.115
   4.368
   5.156
   3.845
   2.622
   1.261
   1.565
  -1.483
  -1.859
   -3.65
  -3.959
  -5.066
  -6.056
  -6.679
  -6.453
  -6.077
  -7.534
  -5.556
  -5.783
  -5.558
  -2.758
  -1.623
  -1.131
  0.6198
    1.76
   3.319
   4.976
   5.054
   6.989
   6.745
   7.755
   8.291
   8.173
   8.051
    6.49
   5.259
   4.851
   1.666
   1.163
  -1.597
  -2.915
  -3.324
  -5.793
  -7.628
  -6.961
   -8.85
  -8.446
  -8.095
  -9.214
  -7.158
   -6.81
  -4.713
  -4.133
  -3.081
  -1.352
 0.08278
   2.404
   3.636
   5.308
   6.688
   7.599
   9.414
   9.092
   8.796
   7.904